latitude,longitude
-49,-124
90,-33
74,21
-15,-63
84,97
4,168
23,41
-84,-50
9,-151
31,-159
83,-16
11,-27
21,-72
-45,125
80,-140
-73,-114
20,167
-31,-123
56,127
-69,-33
15,166
-81,-171
26,152
28,-50
-73,-171
-64,28
-8,87
37,44
-55,175
-73,-124
-82,-33
18,-143
17,-37
81,98
-12,86
25,160
53,51
26,8
74,-125
49,119
-9,169
-79,-81
23,108
-11,-24
85,136
21,130
-80,-48
17,59
-81,97
33,116
37,-111
24,-124
-11,3
-50,-40
89,-176
44,46
46,120
26,-127
80,-130
-61,87
4,114
21,45
2,39
35,-129
-41,-41
-71,-113
18,-116
-61,1
66,48
-2,-34
-18,-167
-30,95
13,65
82,-169
58,-3
-3,-143
85,-146
33,108
86,-79
29,31
-56,42
22,141
-81,166
-7,-110
73,-17
65,-29
53,10
-19,15
-73,-85
30,117
46,-139
-37,14
83,-39
-68,-2
-63,-74
18,-88
-58,-79
-21,75
-79,-61
-83,-52
